圣火1、真武1、降龙3、金羊2、玉女2、七星2、御风1、金刚2		紫霞2
圣火2、真武1、降龙2、金羊3、玉女2、七星2、御风3、金刚1		紫霞2
圣火2、真武1、降龙2、金羊2、玉女1、七星2、御风1、金刚1		紫霞1

玉女2、圣火3、紫霞2、金羊2、真武2、七星1、御风2、金刚1、降龙1
玉女3、圣火2、紫霞2、金羊3、真武1、七星2、御风3、金刚2、降龙3
玉女2、圣火2、紫霞1、金羊2、真武1、七星1、御风2、金刚1、降龙3

七星1、真武2、金羊1、圣火1、紫霞3、玉女2、降龙1
七星1、金刚1、金羊2、圣火1、紫霞2、玉女1、降龙1			御风1
七星2、御风1、金羊1、圣火1、紫霞2、玉女1、降龙1


4904	6044
8989	9653
5708	5841
1253	1253

4422	
9415	9713
5269	
1258	




9248	9948	10244
20718	21588	21879
15710	15530	15612
2708	2522	2522

12253	12492
18050	19563
15055	14925
2544	2362

12051	12051
17153	17221
13560	13574
3298	3302

7424	7336
19168	19000
11798	12540
2752	2752



13437	13997
17613	17850
17243	17277
2088	2088

11135	11245
19522	20147
14156	14224
2594	2594

8641	8458
18244	18759
14384	14609
2276	2276

10504	10055	10315
4964	5266	5022
5784	5784	6303
4500	4708	4466